0000000000000000000000000000000000000000000000
0000000000000000000000000000000000000000000000
0000000000000000000000000000000000000000000000
0000000000000000000000000000000000000000000000
0000000000000000000000000000000000000000000000
0000000000000000000000000000000000000000000000
1111111111000111111222222221111133111111111441
0000000000000000001222222221000133100000001111
0000000000000000001222222221000133100000000000
0000000000000000001222222221000133100000000000
0000000000000000001111111111000111100000000000